 Get the residuals of mdl_price_vs_conv
residuals(mdl_price_vs_conv)
            1             2             3             4             5 
 -4.737561094  -2.638422376   2.097012981   4.366301937   0.826211165 
            6             7             8             9            10 
 -0.905919870  -1.617149478   1.117390148  -3.333966186  -3.931638479 
           11            12            13            14            15 
  3.504157868   2.172470211  -0.323561906  -4.215346032  -1.038341493 
           16            17            18            19            20 
  5.459482085   8.197571691   2.293870425  -1.810085473   0.621882292 
           21            22            23            24            25 
 -1.753121081   1.801912549  -1.579049393   0.682396664   0.323231880 
           26            27            28            29            30 
 -1.650956644   4.789902542  -2.048221512   2.804321139   5.062217217 
           31            32            33            34            35 
 -1.537399329  -6.246498949   1.325640471   1.904076986   2.860914062 
           36            37            38            39            40 
  0.035974348  -2.891501273  -1.367249091   1.419962009   1.764183934 
           41            42            43            44            45 
 -3.413344866  -2.717429586  -1.715392466  -2.695015299   4.892066979 
           46            47            48            49            50 
 -3.020372916  -2.698936748   7.989692838  -4.169774518  -5.028368607 
           51            52            53            54            55 
  1.957119929  -2.759079650  -2.449036361  -0.444590650   3.428329168 
           56            57            58            59            60 
 -4.079002960  -1.931114217   2.376799085  -2.184193115   0.614410863 
           61            62            63            64            65 
 -3.375616251   6.109825851  -2.237236058   5.224896026  -0.569169374 
           66            67            68            69            70 
 -1.204941751   2.327677591   4.971445659  -2.059614391   0.493382118 
           71            72            73            74            75 
  2.444784886   1.726455319  -3.625516638  -2.172800236   0.254874610 
           76            77            78            79            80 
 -0.096447275   0.516167875  -2.872636966  -0.803755434  -1.004162858 
           81            82            83            84            85 
  0.777089672  -1.878071274   0.742911036  -5.262954666  -0.588405151 
           86            87            88            89            90 
 -0.036304373  -0.852876927  -2.687172400   6.299211866  -0.569169374 
           91            92            93            94            95 
  4.714445312   4.846866935  -4.820489753  -3.352830494   0.190810258 
           96            97            98            99           100 
  3.458586354   2.596070816  -0.149490218   3.216528866   3.413014841 
          101           102           103           104           105 
  0.141688764   0.932297051   3.447193476   0.814818287  -3.784273998 
          106           107           108           109           110 
  8.469886366  -0.357740541  -0.973905672   0.497303568  -2.025435755 
          111           112           113           114           115 
  3.398071982  -1.889464153  -3.629066618 -10.713169610   1.518204996 
          116           117           118           119           120 
  4.218937456  -5.330940467  -4.290803262  -1.359777662   5.818646869 
          121           122           123           124           125 
 -2.744136792   2.308813283  -1.582970843   5.542782214   3.556829342 
          126           127           128           129           130 
  1.692276683   7.615213726   4.426816309   5.353396199  -1.405349176 
          131           132           133           134           135 
 -3.262430405  -1.329520476  -0.868191255  -2.657286683  -0.244183226 
          136           137           138           139           140 
 -1.930742748   1.945727050   1.329190450   4.937638493   0.644668049 
          141           142           143           144           145 
  3.337557610  -1.874149825  -0.868191255  -0.081504417  -0.429276322 
          146           147           148           149           150 
  1.552383631   7.570013682  -1.537770798   5.421753470  -2.596772311 
          151           152           153           154           155 
  0.863939781  -1.881992724  -0.277990392  -0.637526645  -1.960999934 
          156           157           158           159           160 
 -3.504116424  -2.687172400  -0.644998074  -0.293304720  -0.100368725 
          161           162           163           164           165 
  2.879778370   1.363369086  -4.714403867   4.578102239   8.477729264 
          166           167           168           169           170 
  0.236381772   9.256573204  -1.477256426  -0.898448441  -1.911878440 
          171           172           173           174           175 
 -3.867202657   5.576589380   2.172470211  -0.796284005  -0.134547360 
          176           177           178           179           180 
  0.425396317  -2.414857725  -2.698936748  -0.312169027   3.867244101 
          181           182           183           184           185 
 -3.534373610   2.304891834  -3.477780687  -2.535886469  -1.628170887 
          186           187           188           189           190 
 -4.113181595  -2.842379780  -1.567656515  -1.204941751  -2.021514306 
          191           192           193           194           195 
 -1.810085473   1.616819453  -0.890977012   2.702156702   0.641118069 
          196           197           198           199           200 
 -1.745649652   1.253733220  -0.024911494  -1.980235711  -5.047604384 
          201           202           203           204           205 
 -0.508655002   1.673412376  -1.087462987   1.733926748  -0.973905672 
          206           207           208           209           210 
 -4.143438781  -2.891872743  -0.270518963  -1.094934416  -2.233686078 
          211           212           213           214           215 
  3.579615099   4.139558776  -0.410412015   2.142213025  -4.294724712 
          216           217           218           219           220 
 -0.055168680   2.989785705  -0.667783831   1.038011468  -2.445486381 
          221           222           223           224           225 
  8.284421800   3.424779189  -1.530299369   4.574552260   0.905589845 
          226           227           228           229           230 
  1.813305428  -4.351317634  -2.445486381   5.875611261  -2.475372097 
          231           232           233           234           235 
 -0.512576451  -3.776431099  -3.757566791  -5.603626612  -4.185088846 
          236           237           238           239           240 
 -1.919721339   2.524163566   3.576065119   4.060180096   0.762146813 
          241           242           243           244           245 
 -1.106327294  -1.284320431  -0.512576451  -0.024911494  -4.052667223 
          246           247           248           249           250 
  0.130295885  -0.728298203  -1.234827468  -1.476884957  -4.483739257 
          251           252           253           254           255 
 -4.733639645  -4.048745774   0.538582163  -1.983785691   3.458586354 
          256           257           258           259           260 
 -3.757566791  -1.004162858   4.260587520   6.140083037   0.489832139 
          261           262           263           264           265 
 -2.127600192  -3.235723199   3.821672587  -1.026948615  -1.526377920 
          266           267           268           269           270 
  0.111431578  -3.447523501   0.221067444  -0.081504417  -1.265084654 
          271           272           273           274           275 
 26.529876477  -6.590720874   0.039524327  -0.156961647  -1.405349176 
          276           277           278           279           280 
  1.227026014  -1.927192768  -2.237236058   0.300446123  -1.208491731 
          281           282           283           284           285 
  0.724046729  -1.851735538  -1.276477532  -2.709958157  -3.402323457 
          286           287           288           289           290 
  6.113747301   1.627840862  -2.260021815   2.418449149   1.249811771 
          291           292           293           294           295 
  2.970921397   2.649113759  -4.801625446  -0.951491384  -1.484727855 
          296           297           298           299           300 
 -4.022410037  -1.098855865  -2.793258286  -3.171287377  -2.256471835 
          301           302           303           304           305 
 -0.251654655   2.577577978  -3.598809432   3.394522003  -1.722863895 
          306           307           308           309           310 
  4.426816309   6.166790244  -0.750712491   3.821672587  -2.445114911 
          311           312           313           314           315 
 -2.346871924   1.351976207   8.193650241   0.735439607  -0.425726342 
          316           317           318           319           320 
 -1.560185086  -1.102777315   1.526047895  -1.136955950  -4.075452980 
          321           322           323           324           325 
 -2.596400842  -0.009597166   0.992811424  -0.153411668  -0.349897642 
          326           327           328           329           330 
 -3.080887289   4.978917088   0.485910689  -3.477780687  -2.414857725 
          331           332           333           334           335 
 -4.351317634  -3.504116424   2.161448802  -0.595876580  -5.315997609 
          336           337           338           339           340 
 -1.968842833   0.951161359  -2.865165537  -4.423596355   3.034985749 
          341           342           343           344           345 
  4.756095376   1.374761964   0.780639651  -0.509026472   4.241723213 
          346           347           348           349           350 
  3.243236072  -0.501183573  -5.633512328   3.235393173   2.006241423 
          351           352           353           354           355 
  0.584153677  -1.964921383  -2.842379780  -1.147977359   0.085095841 
          356           357           358           359           360 
  6.151475916   4.684188126  -1.821478352   0.633275170  -0.750712491 
          361           362           363           364           365 
 -1.953899974   4.543923604   0.686318113  -1.681585300  -3.795666876 
          366           367           368           369           370 
 -2.490686425  -1.518535021  -3.496644995   4.018530032  -3.719838176 
          371           372           373           374           375 
  0.523639305   3.428329168  -1.254063245   6.771933965   2.762671075 
          376           377           378           379           380 
 -1.023027165  -0.591955131   2.577206509  -3.292687591   8.076542946 
          381           382           383           384           385 
  3.912444146  -1.095305886   0.641118069   0.777089672  -4.321060448 
          386           387           388           389           390 
 -2.105185905   8.507986450  -2.872636966  -3.156344519   5.875239792 
          391           392           393           394           395 
 -3.727681075   0.448182074  -2.331929066   0.777089672  -1.548792207 
          396           397           398           399           400 
  1.442747765   0.629725191  -1.673742401  -2.861244087   2.263613239 
          401           402           403           404           405 
 -1.473334977  -2.237236058  -0.399019136  -3.394852028   0.251324630 
          406           407           408           409           410 
 -1.757042530  -1.556635106  -1.476884957  -2.116207314  -3.564630796 
          411           412           413           414 
 -0.278361861  -1.526377920   3.670386657   3.927387004 
# Print a summary of mdl_price_vs_conv
summary(mdl_price_vs_conv)

Call:
lm(formula = price_twd_msq ~ n_convenience, data = taiwan_real_estate)

Residuals:
     Min       1Q   Median       3Q      Max 
-10.7132  -2.2213  -0.5409   1.8105  26.5299 

Coefficients:
              Estimate Std. Error t value Pr(>|t|)    
(Intercept)    8.22424    0.28500   28.86   <2e-16 ***
n_convenience  0.79808    0.05653   14.12   <2e-16 ***
---
Signif. codes:  0 ‘***’ 0.001 ‘**’ 0.01 ‘*’ 0.05 ‘.’ 0.1 ‘ ’ 1

Residual standard error: 3.384 on 412 degrees of freedom
Multiple R-squared:  0.326,	Adjusted R-squared:  0.3244 
F-statistic: 199.3 on 1 and 412 DF,  p-value: < 2.2e-16
